
DOB1911_lon <- 169.977736
DOB1911_lat <- -43.810735

SA_lon <-c(
  171.555570,171.056095,168.435137,166.885610,
  166.499775,166.733821,167.341592,167.792938,
  168.083233,169.096690,169.213165,169.998062,
  170.123559,170.623466,170.807136,171.407580,
  172.158162
)

SA_lat <- c(
  -42.833918,-42.976302,-44.188347,-45.270994,
  -46.006612,-46.187315,-45.974999,-45.322268,
  -45.359023,-44.701616,-44.465805,-44.216883,
  -43.898415,-43.786714,-43.871487,-43.405304,
  -43.099035,-42.546884
  
)